name,n,constructive method, constructive distance, constructive calc time, local search method, localsearch distance, localsearch time, alpha, random seed, total time, alpha type, grasp time, timeToBest grasp, iterationsToBestGrasp, meanGRASPDistance, totalIterationsGrasp
instances/medium/pcb1173.tsp,1173,Random Double-sided nearest neighbor (RDSNN),63016,0.020012,1st improv 2opt,62766,0.063220,25,1562030918,1000.068270,ql,1000.068268,835.558777,8249,64919.112619,9874
instances/medium/pcb1173.tsp,1173,Random Double-sided nearest neighbor (RDSNN),63002,0.019700,1st improv 2opt,62729,0.062620,25,1562040794,1000.020669,ql,1000.020658,550.464966,5435,64907.995646,9876
instances/medium/pcb1173.tsp,1173,Random Double-sided nearest neighbor (RDSNN),62860,0.019854,1st improv 2opt,62660,0.064235,25,1562050699,1000.036223,ql,1000.036221,371.576563,3673,64908.756487,9905
instances/medium/pcb1173.tsp,1173,Random Double-sided nearest neighbor (RDSNN),63705,0.019851,1st improv 2opt,63034,0.062106,25,1562060616,1000.045239,ql,1000.045227,477.636615,4734,64949.807502,9917
instances/medium/pcb1173.tsp,1173,Random Double-sided nearest neighbor (RDSNN),63238,0.019243,1st improv 2opt,63000,0.062474,25,1562070532,1000.077535,ql,1000.077534,950.012225,9419,64928.365167,9916
instances/medium/pcb1173.tsp,1173,Random Double-sided nearest neighbor (RDSNN),62978,0.019358,1st improv 2opt,62679,0.062863,25,1562080440,1000.104584,ql,1000.104582,263.169958,2612,64916.162596,9908
instances/medium/pcb1173.tsp,1173,Random Double-sided nearest neighbor (RDSNN),63265,0.019567,1st improv 2opt,62858,0.062680,25,1562090339,1000.035841,ql,1000.035840,743.849270,7363,64893.964138,9899
instances/medium/pcb1173.tsp,1173,Random Double-sided nearest neighbor (RDSNN),62711,0.019592,1st improv 2opt,62493,0.062557,25,1562100251,1000.035990,ql,1000.035979,162.639177,1611,64939.608253,9912
instances/medium/pcb1173.tsp,1173,Random Double-sided nearest neighbor (RDSNN),63096,0.019551,1st improv 2opt,62970,0.061874,25,1562110162,1000.032341,ql,1000.032339,438.139597,4343,64956.258400,9911
instances/medium/pcb1173.tsp,1173,Random Double-sided nearest neighbor (RDSNN),62826,0.019368,1st improv 2opt,62570,0.063020,25,1562120074,1000.075729,ql,1000.075729,971.522324,9630,64917.889124,9912
instances/medium/pcb1173.tsp,1173,Random Double-sided nearest neighbor (RDSNN),63355,0.020063,1st improv 2opt,62865,0.064599,25,1562129985,1000.095178,ql,1000.095166,8.878684,88,64903.116234,9911
instances/medium/pcb1173.tsp,1173,Random Double-sided nearest neighbor (RDSNN),62727,0.019628,1st improv 2opt,62637,0.062739,25,1562139889,1000.083062,ql,1000.083060,430.488664,4263,64904.357936,9904
instances/medium/pcb1173.tsp,1173,Random Double-sided nearest neighbor (RDSNN),62868,0.020145,1st improv 2opt,62735,0.064295,25,1562149796,1000.002108,ql,1000.002106,72.589262,719,64927.449581,9907
instances/medium/pcb1173.tsp,1173,Random Double-sided nearest neighbor (RDSNN),62938,0.018851,1st improv 2opt,62891,0.061464,25,1562159706,1000.043294,ql,1000.043292,110.988185,1100,64896.790313,9910
instances/medium/pcb1173.tsp,1173,Random Double-sided nearest neighbor (RDSNN),63183,0.019648,1st improv 2opt,63005,0.058790,25,1562169618,1000.020690,ql,1000.020688,684.080329,6780,64928.224879,9912
instances/medium/pcb1173.tsp,1173,Random Double-sided nearest neighbor (RDSNN),63086,0.019804,1st improv 2opt,63047,0.065993,25,1562179485,1000.081355,ql,1000.081354,264.238657,2621,64910.434985,9867
instances/medium/pcb1173.tsp,1173,Random Double-sided nearest neighbor (RDSNN),62667,0.018929,1st improv 2opt,62585,0.063377,25,1562189367,1000.055109,ql,1000.055108,531.386279,5251,64923.199352,9882
instances/medium/pcb1173.tsp,1173,Random Double-sided nearest neighbor (RDSNN),62874,0.019869,1st improv 2opt,62866,0.063351,25,1562199299,1000.052362,ql,1000.052351,118.165696,1168,64919.029601,9932
instances/medium/pcb1173.tsp,1173,Random Double-sided nearest neighbor (RDSNN),63037,0.019300,1st improv 2opt,62895,0.063824,25,1562209177,1000.080246,ql,1000.080245,865.909276,8606,64936.268779,9878
instances/medium/pcb1173.tsp,1173,Random Double-sided nearest neighbor (RDSNN),63312,0.019891,1st improv 2opt,62858,0.062421,25,1562218646,1000.025898,ql,1000.025896,767.738197,7182,64951.578731,9469
instances/medium/pcb1173.tsp,1173,Random Double-sided nearest neighbor (RDSNN),62798,0.019835,1st improv 2opt,62706,0.064327,25,1562228509,1000.055424,ql,1000.055422,234.833536,2303,64889.984183,9863
instances/medium/pcb1173.tsp,1173,Random Double-sided nearest neighbor (RDSNN),64740,0.019652,1st improv 2opt,62721,0.064394,25,1562238428,1000.003923,ql,1000.003922,476.703575,4722,64946.706724,9919
instances/medium/pcb1173.tsp,1173,Random Double-sided nearest neighbor (RDSNN),62726,0.019508,1st improv 2opt,62614,0.064895,25,1562248329,1000.038063,ql,1000.038061,593.221988,5872,64918.245228,9901
instances/medium/pcb1173.tsp,1173,Random Double-sided nearest neighbor (RDSNN),63035,0.019368,1st improv 2opt,62701,0.059860,25,1562258262,1000.020418,ql,1000.020416,357.158592,3547,64917.588543,9933
instances/medium/pcb1173.tsp,1173,Random Double-sided nearest neighbor (RDSNN),62673,0.019497,1st improv 2opt,62575,0.064663,25,1562268184,1000.090585,ql,1000.090574,275.890687,2735,64910.505039,9922
instances/medium/pcb1173.tsp,1173,Random Double-sided nearest neighbor (RDSNN),62938,0.019854,1st improv 2opt,62935,0.064818,25,1562278116,1000.096998,ql,1000.096997,395.062767,3925,64914.794201,9932
instances/medium/pcb1173.tsp,1173,Random Double-sided nearest neighbor (RDSNN),62346,0.019530,1st improv 2opt,62289,0.059361,25,1562288043,1000.003984,ql,1000.003973,409.495296,4064,64884.568349,9927
instances/medium/pcb1173.tsp,1173,Random Double-sided nearest neighbor (RDSNN),62871,0.019867,1st improv 2opt,62800,0.059961,25,1562297968,1000.049983,ql,1000.049981,555.905742,5517,64930.674257,9925
instances/medium/pcb1173.tsp,1173,Random Double-sided nearest neighbor (RDSNN),63247,0.020710,1st improv 2opt,62536,0.066082,25,1562307848,1000.064338,ql,1000.064336,89.104886,873,64904.668421,9880
instances/medium/pcb1173.tsp,1173,Random Double-sided nearest neighbor (RDSNN),63212,0.019764,1st improv 2opt,62562,0.063304,25,1562317776,1000.063942,ql,1000.063941,758.282043,7527,64933.504633,9928
instances/medium/pcb1173.tsp,1173,Random Double-sided nearest neighbor (RDSNN),62827,0.019723,1st improv 2opt,62752,0.062524,25,1562327708,1000.072423,ql,1000.072421,180.576870,1794,64922.497483,9932
instances/medium/pcb1173.tsp,1173,Random Double-sided nearest neighbor (RDSNN),62830,0.019926,1st improv 2opt,62822,0.063640,25,1562337644,1000.033385,ql,1000.033384,327.691994,3258,64912.239734,9936
instances/medium/pcb1173.tsp,1173,Random Double-sided nearest neighbor (RDSNN),63223,0.019482,1st improv 2opt,63048,0.059617,25,1562347582,1000.061828,ql,1000.061826,287.060842,2853,64904.720467,9938
instances/medium/pcb1173.tsp,1173,Random Double-sided nearest neighbor (RDSNN),63154,0.019821,1st improv 2opt,62832,0.072715,25,1562357518,1000.013641,ql,1000.013639,60.446072,600,64933.288345,9936
instances/medium/pcb1173.tsp,1173,Random Double-sided nearest neighbor (RDSNN),63338,0.019026,1st improv 2opt,62942,0.058531,25,1562367690,1000.012276,ql,1000.012276,669.855589,6811,64922.920959,10172
instances/medium/pcb1173.tsp,1173,Random Double-sided nearest neighbor (RDSNN),62271,0.019704,1st improv 2opt,62202,0.060948,25,1562377871,1000.063092,ql,1000.063092,503.006909,5119,64902.069050,10181
instances/medium/pcb1173.tsp,1173,Random Double-sided nearest neighbor (RDSNN),62954,0.019205,1st improv 2opt,62793,0.061300,25,1562388055,1000.090894,ql,1000.090883,385.445092,3925,64921.567361,10184
instances/medium/pcb1173.tsp,1173,Random Double-sided nearest neighbor (RDSNN),62681,0.019358,1st improv 2opt,62527,0.062560,25,1562398232,1000.003346,ql,1000.003334,949.975779,9667,64884.774197,10177
instances/medium/pcb1173.tsp,1173,Random Double-sided nearest neighbor (RDSNN),62893,0.019627,1st improv 2opt,62803,0.060520,25,1562408404,1000.074019,ql,1000.074008,362.580948,3687,64900.310165,10172
instances/medium/pcb1173.tsp,1173,Random Double-sided nearest neighbor (RDSNN),63002,0.019558,1st improv 2opt,62536,0.062072